0	
15.5129544175370
24.0902549767720
68.9908616492987
74.3979479649774
69.2292141708657
53.5787319201460
39.3766755667514
0
43.4225986049722
0
34.8029518112020
46.6840961240582
45.6794906490394
12.6920835428285
0
65.2310737863390
29.3922491805955
3.88906214286356
0
22.4611578630838
0
35.5996691200586	
0	
0	
11.7145667863089
48.4017211733363
70.9490866142610	
63.6449359172036	
75.2008507170314
23.2587874735686	
76.2867466668945	
52.7856364511172	
8.61351170330092	
0	
0	
25.8542490369108	
65.8575741752414	
26.9603683936770	
75.7811284764878	
43.6962535115515	
54.1742465518586	
67.6967798207526	
71.6197072769234	
74.1456415337414	
73.0917420113607	
48.0889469081056	
77.3251154836626	
13.5010781036506	
0	
20.5230737894263	
51.0113852133799	
62.4759719283616	
0	
46.0397428163461	
41.2840257668327
0	
5.65146965219090	
10.1092940809509	
63.3767923640101	
21.4570951984465	
6.32075174655557	
30.0752114657749	
0	
82.9827337078865	
0	
0	
24.8266237675926	
5.90967445541071
0	
80.1212827370480	
0	
0	
52.0898299404939	
11.0352776082831	
0	
12.5233442397867	
30.5707017685407	
79.1674367595845	
20.5669847472134	
44.7451102535958	
11.3390543366128	
42.3693203607507	
0	
18.5631196399929	
76.2353299637350	
0	
66.0441783626254	
0	
11.3247099436825	
48.7244554381166	
36.6513324052333	
0	
30.2488051048863	
0	
32.2556798141234	
0	
42.5385589707639	
50.1889094246929	
0	
10.2347309856417	
6.72437236996485	
10.0882044033205	
46.6823621826180	
7.55745998093418	
48.6161566739073	
79.8474792688525	
43.6613889967455	
35.7373589946133	
0	
15.8218256039810	
0	
12.5649261622241	
12.8027325284791	
67.0904517416891	
46.9201489718691	
0	
0	
0	
40.3384809266178	
91.3724603204290	
58.5590981337944	
0	
52.1546292532220	
25.7239200388874	
10.7127129591963	
74.9582641004579	
0	
15.2428233266166	
42.4970694181680	
0	
22.5387848325979	
40.0498510898974	
0	
84.9137845743559	
33.8106469478577	
60.6133835755189	
56.3267477648128	
0	
0	
6.15319230055404	
43.9977027479458	
44.7763809488095	
65.4519898134228	
0	
56.1612388849005	
0	
11.4697384874380	
33.1117959811304	
5.32599080933640	
0	
62.7488117826306	
0	
68.5312410991605	
81.4006195477659	
71.4507285529729	
0	
62.5800360807266	
0	
58.7538042006094	
0	
12.1582821957103	
49.9730836327234	
27.1229126252680	
31.1706243840862	
0	
53.2819836985048	
53.1751943696008	
62.9211713334257	
50.1865963554130	
22.2174643099800	
85.0180669301635	
19.9147516512225	
8.05951603330666	
85.4856288101871	
27.9139333915469	
79.8784206214237	
57.3881566885844	
85.2281475859873	
0	
85.9958054527849	
40.3522991511895	
6.91693966984739	
0	
14.8848893208531	
0	
29.9185723663786	
0	
0	
0	
78.1570168088999	
36.7830468959170	
64.2056360279264	
71.7842577035932	
5.06947805620386	
62.7356820889011	
46.3261496890979	
9.47174568864986	
5.00395325596141	
68.3685301538212	
91.0831300826882	
75.7615433841722	
41.0317670978469	
0	
12.3002266165373	
0	
0	
48.4682055206116	
0	
26.6654080821248	
7.20530673031063	
5.54436515187505	
76.0667309149999	
7.69234679181700	
73.3100721305918	
12.1166772686292	
10.1392639172038	
67.9632039958741	
72.2490915569112	
70.8398629043461	
64.7258521713964	
31.2775139924185	
0	
0	
82.7328977892841	
55.5200051933822	
70.8803163232983
52.9243545739140	
33.2831980459484	
0	
87.8267449661924	
0	
0	
0	
14.3447753003391	
59.7403243134946	
0	
53.9513347605129	
0	
-0.194606868763970	
4.32685612069496	
41.3673011293938	
47.8025108471632	
4.49516888148034	
47.2858717175640	
0	
0	
50.1232463479616	
0	
79.9594478900650	
12.5649461308923	
35.4156346289015	
0	
34.3153946710867	
0	
63.6907294698989	
6.60137694803517	
0	
33.4942587152360	
42.6147220762411	
0	
75.2929063609980	
72.0575019048246	
64.6263889750084	
18.0285795922617	
50.4012076619940	
12.6541062782009	
59.8739652298341	
0	
41.4790524621958	
38.1887705939204	
34.4393975882314	
72.8144214922227	
48.5281572537932	
0	
32.7545630271180	
57.0885763391225	
28.9449956052722	
0	
10.2263036475286	
0	
33.2404806347824	
32.0098664127026	
-2.64001501640961	
10.5541315394935	
33.5855376617294	
45.8290134752761	
9.17418352653550	
67.8377118059761	
30.0026087700491	
3.21426394370199	
53.3859787341767	
0	
21.6622762000712	
0	
48.8692127030812	
-0.127713475535501	
16.9176910445335	
12.0049605282906	
36.6041706719405	
5.51411590094478	
51.3960375162062	
0	
53.2796828380246	
72.3242336526094	
89.5300458516911	
67.7781169310568	
43.0395557394919	
0	
28.5079336410965	
46.1468087234340	
64.1824017820188	
42.5762428051788	
0	
0	
36.2846485578078	
42.0432002521691	
78.9756868289650	
48.3746988620019	
58.5896841393334	
14.6219507656749	
0	
3.92121259722386	
5.30864357153511	
19.8716049869520	
42.2714004169099	
81.2026938220347	
10.2525158808859	
14.7261305179849	
37.7806179613622	
67.4027812014704	
33.9663562919816	
3.21973676482666	
25.8381791429831	
53.6161200384776	
0	
40.3131927951305	
36.9367727471924	
0	
0	
0	
0	
8.40688199643661	
24.4926926782654	
0	
36.4677921566173	
13.7205891978316	
46.6615544573827	
0	
0	
91.8585232966015	
0	
91.8307294140939	
90.0690993810265	
52.3239277859545	
76.5561366552405	
11.0180194665575	
89.8422810058845	
11.7156381599709	
0	
72.3553509210637	
8.62310279882778	
0	
9.80829974298346	
94.5297523922028	
0	
0	
14.7315739932008	
0	
6.83711345432748	
8.54793093397045	
100.240914400637	
26.1856669585357	
100.917089912815	
92.9051185339492	
63.4686340875839	
27.2619744301506	
8.06686630318043	
55.0444289478943	
0	
97.5087736294429	
0	
59.6491885029222	
13.7031594785464	
0	
91.3435003382585	
95.5184845722614	
90.4342090404134	
88.1423466194355	
28.8219893739744	
108.772574361496	
58.3351706191777	
95.0385986077363	
75.9900234605173	
11.3120926156838	
0	
83.5532929141864	
18.1431077387964	
0	
0	
19.4658210385631	
70.5024438489717	
90.0078472508741	
89.8906246931718	
25.2227858261316	
0	
91.2466399496154	
78.1678227013461	
0	
84.8860978875411	
92.5252089512462	
26.7182130469220	
89.2344170575626	
91.6174782650942	
83.0335894331227	
0	
0	
0	
93.0365329181684	
0	
34.6064451374341	
97.2467752068992	
91.5906704647240	
94.6345656736384	
16.6441229620211	
95.8080438706900	
63.3076133820438	
88.9204827163097	
0	
28.5502551905385	
89.6422329700044	
88.2209328213845	
11.7399316945950	
70.0246383746091	
0	
88.7736691861713	
97.4281023182101	
0	
0	
85.9871648219328	
14.4305484165823	
102.700821565742	
20.9340693225436	
101.272863412996	
92.6526987071830	
0	
88.6692586310854	
93.8135343973044	
0	
99.9719981674867	
0	
32.7131315661761	
17.7806295488049	
0	
15.7831004478935	
73.1048021446919	
90.8843446287281	
13.0334904554382	
93.1997461822881	
87.7808239185304
29.0465397178567
64.7619409950328
44.7819307076569
105.364167997297
18.1484294101119
28.9103439617323
67.6265176253317
15.5371408173367
63.0274474915471
33.4482460351677
23.0385817946598
46.1913620198618
21.9278882480419
14.7754159438386
93.9135540324095
40.7959481890665
51.4066848311701
35.3217683279206
13.4949862884847
111.774693526314
61.6810015180229
29.0516090655644
109.627084012214
94.0348163382605
49.8342340456356
61.6261419484408
47.7274127469389
58.4104558398460
74.6356854930016
33.1970272108298
27.5145990316814
60.2796539174652
102.723685466320
94.4100904010743
38.0877977601542
71.2121820294268
28.6171883594155
66.5316504850929
71.7602129366935
48.0599388450285
100.238784144567
107.650330777516
20.2959483730686
72.8456178529700
26.9896338741645
37.3414961358017
104.408016051015
34.5029166994517
75.2458081326700
79.4361320688819
73.8350297147113
97.5120951372675
95.3437009407518
20.5274846951256
36.4756369152685
35.6445848406726
97.6995765357736
106.369857363538
11.0373062782324
97.6569824141498
78.4708539128711
62.9297073750009
41.0355105461185
18.6110945690231
70.9499887095344
99.4591050966035
47.4484254043251
45.8290789858312
61.6158088994382
41.3169579842971
63.4593189652779
45.0043281074664
69.0275443069088
54.6280599460642
15.2713520543630
20.0074832905274
94.2048681458429
15.3886469019830
55.0675305428438
97.2694715798371
21.6105293476182
21.1952830284805
71.5403712941515
31.2498749420179
13.6669433311936
57.3930547103228
105.101664133962
39.1061409774593
57.5386032831464
39.7134665580271
67.1943775892481
69.0653511698602
73.5458361158584
106.817589945912
23.5084066162867
69.2600538545257
65.7069838851781
13.2668398208002
12.1378339098303
38.5956876340187
11.1664828866982
50.1943252322363
22.8848710513049
99.6615285081197
93.8685924078970
77.6334491942467
33.6337098230159
55.5355756490602
58.6603422409310
51.6702442817639
43.2980163098269
62.6909574090454
97.9246922564772
35.7079555182067
57.9857275938155
67.4653416344695
28.7973448579600
37.9441071831485
65.0782899928785
69.4497242994722
76.0908192258521
70.5897622115700
63.3063004928013
61.4637180674925
15.9984659322819
63.7033428924913
15.1471085871358
62.9912976930397
64.6970193307959
70.5032769465692
89.0733345295382
38.0851013561613
13.7728099984231
70.6450297294693
67.6396811098236
106.173357322607
102.015448396382
22.1493173462305
52.6986315543547
65.2062617058754
64.8061340523014
23.3659326318948
61.9885340649470
63.4518304885534
98.2707028320231
0
0
0
0
0
0
0
0
0
0
0
0
0
0
0
0
0
0
0
0
0
0
0
0
0
0
0
0
0
42.1277653614496
37.4627203225469
43.2645601853514
19.5100970843252
72.8294222054272
54.7958498031100
28.4592387934471
28.1809128723087
23.8350666950342
89.7237471225068
83.2695404480933
23.7478005884723
30.5144452028956
33.3173651844855
43.3713934736527
63.3819354830619
88.2534145757322
32.2887944388907
53.1730822979176
41.4683726766827
39.1575641511024
47.5398395136291
19.8195658891543
93.4086546591005
60.8590890803096
43.1175229154604
32.4553346902402
22.9635930207147
29.7071126210764
50.7828911029565
52.1680931480972
20.4217013853550
37.0696690869968
46.7586149373122
29.9469210484350
49.3887315611896
55.7985969712219
49.5725812492582
35.1634188971530
59.7279757573221
64.2408036944014
37.6134525941288
41.3629838972954
26.5882369193881
21.6803386724752
21.3717357412788
48.3777984559542
57.0409941584875
35.5110764244944
46.6650137577431
21.9076642453540
68.5405812858010
59.5678145554509
59.0759407397892
50.3000219025861
37.0366380613433
53.6132716732200
72.8739493156902
43.2249477830479
20.1988849416901
26.8104249250671
33.2895877398874
18.6387820312795
38.7301102846208
41.5457716474874
58.9124914548830
22.8389781073942
64.7162926008737
79.7590240038995
75.3649720103343
20.3817319580650
47.8623709880787
60.1069715096352
40.9495303244205
42.4184046136622
40.3161632266091
40.7725376842513
67.5839797493388
38.2079700200090
42.3936582465368
46.5106112504873
21.3220509934976
64.7352226479611
26.2141909359819
56.2673840439751
37.3377488312623
38.0730701275165
65.5827560195991
30.6999197232797
20.6964251372511
48.8637456591410
22.8585105995000
45.6540710881606
24.3086445353331
17.1564242641422
21.4194402372281
52.8992163676491
26.9379793411465
59.4376824327519
55.9909972278751
26.0794831696201
33.0245741133533
41.6220209547956
90.8314426401039
69.2955896392192
27.4381425201974
73.0632485470661
20.9812110542219
43.6486897370441
43.5930016998379
25.4608386261619
29.8413305465973
45.1097171768553
52.2832578411392
57.7812119354523
86.2744472013673
84.5556422010805
70.2611263302870
40.3846343105861
71.8445361392394
74.6670427799149
38.0090559994266
61.3468195859829
64.7171085994515
68.0166330148915
36.5000222326921
53.3056408516122
58.0291576503624
29.3184690858369
49.5406165563306
55.5842110993002
64.1252546056702
24.9128636176286
48.9556445410761
47.9632210301718
30.4216928832291
17.7505956461595
73.0179125188472
64.5594557055102
39.7589675958432
56.6744845920126
30.5194281751175
33.8422304257202
72.0703850390224
22.3102773186757
0
0
0
0
0
0
0
0
0
0
0
0
0
0
0
0
0
0
0
0
0
0
0
0
0
0
0
0
0
75.6983448489403
72.3892337127875
70.1418631281476
21.2368763744033
13.0353003604836
61.9188470699884
51.5524126573118
83.1484063738171
63.1239633333660
5.93276284263215
72.1955358356323
46.1572219775474
10.6200574786840
19.7175442698343
10.8333548217432
65.8249781964335
54.3733312743240
81.0179705378508
41.9221775813811
22.0005883949543
78.3997635376391
62.5892088959645
47.0315056520816
54.3935029016526
13.6496086997125
67.1140330651364
10.9043066434364
15.8044614145903
16.1451728395166
7.24728231967526
99.5865134868696
52.3277178088716
33.1621463783498
10.4924560348827
48.8408395159226
54.7650288957066
95.7740937414165
30.7802353385825
34.0742524904399
16.4291215255196
47.9077972529723
58.4193904981711
7.23450030616026
20.6950274752027
3.39163361188711
84.3539893760618
99.0409062692153
57.1170607180026
13.3155340244401
14.4806167503267
84.8440545084474
102.670470765294
49.2198690848106
11.0990891916744
16.0834094198751
49.8049500050861
76.0355697449929
95.9577831794389
9.42646835091056
14.5231948560476
75.7354644451576
73.8028432474156
20.5106615662188
10.1390307330803
87.9097236928659
59.2204087849626
73.4618483299037
69.5058791325869
89.7961157826284
8.04936334737357
97.8762855501091
22.8413688907432
36.8368067760869
11.0212553482071
10.8868856744135
97.9300542604419
46.6139769127312
45.7717212807406
57.0121131162158
6.82734747766761
48.8532120414252
41.6317022002961
24.4868638911470
19.0214352870564
54.5699082300083
90.8271510347084
75.4497233129303
59.1725910673762
31.0598719062028
45.1059669449714
55.6308346317491
81.4432101181387
38.3864479394821
46.6613669662699
58.4995162932027
96.0100702678725
71.3583186945212
20.8987344243765
60.4840399690260
64.7162273116452
60.8497339454049
37.9639306141333
67.6480084034825
9.51679351798398
12.8679902414913
64.7024671491770
57.3273409534154
55.5941207671616
30.8861935465513
9.34755649003520
54.3529831116954
70.0778630657020
54.5241692380685
33.7218327412871
29.1906959113778
101.108252915236
78.2164596370368
60.8486362170736
8.31640605587028
86.7727836600769
60.2500155615552
68.1452285836704
41.4208465024667
15.1375900148924
7.88027188790054
72.8947369862849
21.2462712493204
21.1113993013813
8.93455128768868
9.34723422044333
104.704922467576
101.319223331676
15.0356065260457
17.1034743529604
38.9767248387480
65.4951591627448
48.7925835867167
27.2655334994061
7.02726424231056
9.28347318360427
71.6422476075701
53.0529780043908
35.2331437239279
56.3411560626227
34.0502194004893
0
0
0
0
0
0
0
0
0
0
0
0
0
0
0
0
0
0
0
0
0
0
0
0
0
0
0
0
0
