3
27
20
9
7
9
7
26
6
28
13
23
3
17
1
16
26
5
21
11
8
15
28
2
4
14
11
8
3
2
16
20
3
27
17
14
16
23
24
17
2
29
21
10
7
6
11
6
4
18
12
24
19
8
22
15
19
19
22
27
15
22
14
20
9
21
5
4
16
24
26
12
1
13
29
28
8
1
5
11
20
17
4
9
18
10
27
21
10
24
12
25
22
14
25
18
29
6
29
23
18
25
13
28
15
12
2
5
23
7
10
26
19
13
1
25
17
6
2
16
14
4
3
5
6
20
18
7
1
23
11
2
1
28
20
21
13
22
19
16
22
27
14
11
18
20
23
5
12
28
13
28
4
23
28
3
14
18
21
15
5
25
2
13
9
24
10
8
25
9
27
24
19
12
26
7
8
6
11
12
5
8
23
9
22
29
11
1
20
27
29
10
4
7
29
17
18
7
3
14
10
12
19
15
9
22
25
15
10
17
13
11
21
21
17
2
26
27
16
19
24
3
26
8
1
29
25
29
7
12
7
5
24
26
16
20
28
25
4
25
5
24
26
19
15
23
17
7
7
17
4
19
29
10
16
1
16
20
18
14
27
20
2
24
23
9
19
9
1
3
12
27
6
24
15
8
11
11
22
27
11
6
17
12
28
27
2
9
2
4
13
28
3
22
9
13
25
21
18
8
10
11
19
1
6
10
5
1
6
23
3
26
12
25
21
29
3
17
14
14
15
13
15
13
16
22
26
8
21
18
5
4
21
29
23
18
20
22
8
2
14
10
28
6
7
9
11
21
21
6
22
10
4
27
6
8
25
12
7
13
10
14
4
26
29
20
11
13
18
16
22
23
20
11
14
18
28
11
17
5
29
9
16
3
27
4
11
12
3
3
16
19
24
28
29
16
15
2
17
24
14
21
5
22
15
1
27
13
8
1
8
26
9
9
1
28
29
19
2
14
16
7
18
24
10
20
27
19
12
1
3
2
23
4
25
15
21
15
26
6
24
17
5
26
25
22
28
25
23
23
2
2
1
3
17
10
8
12
13
18
15
26
29
3
23
13
28
8
6
19
29
22
7
5
9
27
15
7
27
7
16
18
6
8
25
17
9
29
1
9
8
13
28
15
28
2
14
11
17
12
14
16
12
27
6
3
5
2
10
9
9
21
10
11
25
21
27
23
14
29
3
7
6
4
6
12
18
1
18
11
5
10
14
20
18
21
20
19
21
4
22
15
11
23
25
24
1
26
23
5
25
8
7
17
1
12
1
28
16
24
20
2
3
18
19
26
20
13
11
4
17
27
22
12
28
20
22
16
29
16
2
10
23
8
13
24
24
22
19
3
26
4
10
24
5
2
13
26
19
15
21
17
14
4
25
8
16
25
9
17
26
1
10
18
27
2
19
28
3
11
20
29
4
12
21
5
13
22
6
14
23
7
15
24
4
7
15
12
19
5
3
2
20
22
15
18
6
14
12
14
20
26
8
27
9
8
17
12
2
1
5
4
20
19
18
8
2
20
21
29
15
27
17
1
9
29
22
27
3
21
14
22
11
26
9
5
13
25
13
18
16
26
5
1
29
3
19
28
10
7
14
28
18
4
26
22
3
21
13
24
25
14
23
2
17
29
6
22
10
19
10
4
24
10
7
16
9
11
5
15
12
25
28
27
8
12
15
7
18
16
10
27
6
17
23
1
11
23
4
17
16
13
16
25
24
11
8
23
21
26
24
9
1
21
25
29
13
3
6
24
2
11
19
28
20
7
6
23
28
8
16
25
9
17
26
1
10
18
27
2
19
28
3
11
20
29
4
12
21
5
13
22
6
14
23
7
15
24
8
8
8
8
8
16
16
16
16
16
25
25
25
25
25
9
9
9
9
9
17
17
17
17
17
26
26
26
26
26
1
1
1
1
1
10
10
10
10
10
18
18
18
18
18
27
27
27
27
27
2
2
2
2
2
19
19
19
19
19
28
28
28
28
28
3
3
3
3
3
11
11
11
11
11
20
20
20
20
20
29
29
29
29
29
4
4
4
4
4
12
12
12
12
12
21
21
21
21
21
5
5
5
5
5
13
13
13
13
13
22
22
22
22
22
6
6
6
6
6
14
14
14
14
14
23
23
23
23
23
7
7
7
7
7
15
15
15
15
15
24
24
24
24
24
8
16
25
9
17
26
1
10
18
27
2
19
28
3
11
20
29
4
12
21
5
13
22
6
14
23
7
15
24
